   0.0000000e+00   1.5229957e+00   6.2645084e-01   1.3151495e+03   7.5262155e+01   1.2704786e-01
   1.6666668e-02   1.7778838e+00   7.9286768e-01   1.3839246e+03   9.4318767e+01   2.1824126e-01
   3.3333334e-02   1.9963329e+00   9.7822328e-01   1.4336300e+03   1.0314145e+02   2.9008246e-01
   5.0000000e-02   2.2011991e+00   1.1567272e+00   1.4746229e+03   1.1179245e+02   4.1978306e-01
   6.6666668e-02   2.4004719e+00   1.3353013e+00   1.5241074e+03   1.1878530e+02   5.7239585e-01
   8.3333334e-02   2.5900365e+00   1.5107519e+00   1.5530896e+03   1.2567153e+02   7.3331839e-01
   1.0000000e-01   2.7788089e+00   1.6352425e+00   1.5670808e+03   1.3338401e+02   8.6809486e-01
   1.1666667e-01   2.9646105e+00   1.7743250e+00   1.5909728e+03   1.4094077e+02   1.0121760e+00
   1.3333333e-01   3.1451472e+00   1.9094974e+00   1.6111195e+03   1.4809306e+02   1.1524049e+00
   1.5000000e-01   3.3264657e+00   2.0271114e+00   1.6296746e+03   1.5525856e+02   1.2774600e+00
   1.6666667e-01   3.5077332e+00   2.1486841e+00   1.6468795e+03   1.6254074e+02   1.4005902e+00
   1.8333333e-01   3.6875614e+00   2.2772975e+00   1.6733762e+03   1.6958634e+02   1.5242781e+00
   2.0000000e-01   3.8676746e+00   2.3665724e+00   1.6764404e+03   1.7645635e+02   1.6230516e+00
   2.1666667e-01   4.0468868e+00   2.4755454e+00   1.6888381e+03   1.8329828e+02   1.7275508e+00
   2.3333333e-01   4.2239266e+00   2.5943016e+00   1.7104290e+03   1.8927305e+02   1.8294424e+00
   2.5000000e-01   4.4030665e+00   2.6962407e+00   1.7208627e+03   1.9522428e+02   1.9175426e+00
   2.6666667e-01   4.5835940e+00   2.7815129e+00   1.7187329e+03   2.0129750e+02   1.9940271e+00
   2.8333333e-01   4.7621216e+00   2.8736507e+00   1.7259514e+03   2.0667768e+02   2.0685996e+00
   3.0000000e-01   4.9413507e+00   2.9670129e+00   1.7324442e+03   2.1216581e+02   2.1392257e+00
   3.1666667e-01   5.1207718e+00   3.0598916e+00   1.7378355e+03   2.1756551e+02   2.2048757e+00
   3.3333333e-01   5.2980968e+00   3.1706359e+00   1.7549915e+03   2.2243714e+02   2.2700955e+00
   3.5000000e-01   5.4766857e+00   3.2289517e+00   1.7443807e+03   2.2740113e+02   2.3153205e+00
   3.6666667e-01   5.6561460e+00   3.3436669e+00   1.7611778e+03   2.3229255e+02   2.3735716e+00
   3.8333333e-01   5.8356048e+00   3.4235702e+00   1.7629005e+03   2.3691103e+02   2.4181091e+00
   4.0000000e-01   6.0163617e+00   3.4702610e+00   1.7484407e+03   2.4161325e+02   2.4519703e+00
   4.1666667e-01   6.1940283e+00   3.5801492e+00   1.7636431e+03   2.4588947e+02   2.4968576e+00
   4.3333333e-01   6.3729533e+00   3.6533968e+00   1.7631151e+03   2.5006377e+02   2.5308361e+00
   4.5000000e-01   6.5509754e+00   3.7287940e+00   1.7625006e+03   2.5423037e+02   2.5624398e+00
   4.6666667e-01   6.7277671e+00   3.7579467e+00   1.7447207e+03   2.5801561e+02   2.5831522e+00
   4.8333334e-01   6.9036877e+00   3.8249724e+00   1.7425523e+03   2.6175678e+02   2.6089664e+00
   5.0000000e-01   7.0786301e+00   3.8942933e+00   1.7405609e+03   2.6547691e+02   2.6329775e+00
   5.1666667e-01   7.2494847e+00   3.9936978e+00   1.7526302e+03   2.6868171e+02   2.6584465e+00
   5.3333334e-01   7.4214647e+00   4.0153254e+00   1.7345991e+03   2.7195287e+02   2.6706009e+00
   5.5000000e-01   7.5923925e+00   4.0765580e+00   1.7313623e+03   2.7517516e+02   2.6871991e+00
   5.6666667e-01   7.7623569e+00   4.1734240e+00   1.7428402e+03   2.7811149e+02   2.7068945e+00
   5.8333333e-01   7.9344626e+00   4.2348996e+00   1.7403737e+03   2.8113235e+02   2.7211997e+00
   6.0000000e-01   8.1093574e+00   4.2619503e+00   1.7251859e+03   2.8411075e+02   2.7310605e+00
   6.1666667e-01   8.2772908e+00   4.3575880e+00   1.7360569e+03   2.8682499e+02   2.7461543e+00
   6.3333333e-01   8.4493795e+00   4.3846827e+00   1.7224120e+03   2.8961275e+02   2.7535719e+00
   6.5000000e-01   8.6205191e+00   4.4859502e+00   1.7335969e+03   2.9229652e+02   2.7684813e+00
   6.6666667e-01   8.7927681e+00   4.5161068e+00   1.7223169e+03   2.9488101e+02   2.7763921e+00
   6.8333333e-01   8.9650337e+00   4.5854302e+00   1.7233989e+03   2.9747705e+02   2.7874637e+00
   7.0000000e-01   9.1372842e+00   4.6561551e+00   1.7248979e+03   2.9994614e+02   2.7980460e+00
   7.1666667e-01   9.3096094e+00   4.7549039e+00   1.7353077e+03   3.0224313e+02   2.8106264e+00
   7.3333333e-01   9.4807537e+00   4.8244335e+00   1.7357814e+03   3.0446454e+02   2.8196320e+00
   7.5000000e-01   9.6681262e+00   4.8561168e+00   1.7235619e+03   3.0688910e+02   2.8284909e+00
   7.6666667e-01   9.8230468e+00   4.9010364e+00   1.7191724e+03   3.0886188e+02   2.8299335e+00
   7.8333333e-01   9.9932048e+00   4.9505819e+00   1.7142234e+03   3.1104057e+02   2.8350234e+00
   8.0000000e-01   1.0163354e+01   4.9910551e+00   1.7071522e+03   3.1312834e+02   2.8390629e+00
   8.1666667e-01   1.0349647e+01   5.0348873e+00   1.6997342e+03   3.1534510e+02   2.8465032e+00
   8.3333333e-01   1.0500615e+01   5.0520964e+00   1.6881129e+03   3.1716109e+02   2.8442825e+00
   8.5000000e-01   1.0667719e+01   5.0690449e+00   1.6756899e+03   3.1906951e+02   2.8454362e+00
   8.6666667e-01   1.0835838e+01   5.0796390e+00   1.6618992e+03   3.2094226e+02   2.8462684e+00
   8.8333333e-01   1.0997885e+01   5.1710467e+00   1.6703716e+03   3.2275437e+02   2.8510797e+00
   9.0000000e-01   1.1160940e+01   5.1764937e+00   1.6560757e+03   3.2450146e+02   2.8504152e+00
   9.1666667e-01   1.1322966e+01   5.1853335e+00   1.6431900e+03   3.2619797e+02   2.8497191e+00
   9.3333333e-01   1.1483966e+01   5.1987477e+00   1.6315549e+03   3.2788716e+02   2.8490640e+00
   9.5000000e-01   1.1643961e+01   5.2172630e+00   1.6218348e+03   3.2950847e+02   2.8485252e+00
   9.6666667e-01   1.1808099e+01   5.1850287e+00   1.5993387e+03   3.3113692e+02   2.8455843e+00
   9.8333333e-01   1.1962006e+01   5.2696529e+00   1.6071004e+03   3.3265888e+02   2.8479775e+00
   1.0000000e+00   1.2121056e+01   5.3032951e+00   1.6018580e+03   3.3420123e+02   2.8481207e+00
   1.0166667e+00   1.2294326e+01   5.3183442e+00   1.5914420e+03   3.3582552e+02   2.8497367e+00
   1.0333333e+00   1.2439367e+01   5.3669445e+00   1.5911957e+03   3.3720128e+02   2.8482276e+00
   1.0500000e+00   1.2598548e+01   5.4255315e+00   1.5922882e+03   3.3867682e+02   2.8497530e+00
   1.0666667e+00   1.2780921e+01   5.4993073e+00   1.5956010e+03   3.4028370e+02   2.8559830e+00
   1.0833333e+00   1.2916867e+01   5.5420453e+00   1.5946492e+03   3.4150500e+02   2.8524743e+00
   1.1000000e+00   1.3076004e+01   5.6256854e+00   1.6014482e+03   3.4290587e+02   2.8549697e+00
   1.1166667e+00   1.3267415e+01   5.6681329e+00   1.5968100e+03   3.4449589e+02   2.8606877e+00
   1.1333333e+00   1.3395269e+01   5.7158166e+00   1.5976198e+03   3.4558762e+02   2.8561305e+00
   1.1500000e+00   1.3558410e+01   5.7650841e+00   1.5961647e+03   3.4695159e+02   2.8574303e+00
   1.1666667e+00   1.3753809e+01   5.8345845e+00   1.5975503e+03   3.4848699e+02   2.8647555e+00
   1.1833333e+00   1.3873548e+01   5.9008131e+00   1.6030210e+03   3.4946061e+02   2.8598363e+00
   1.2000000e+00   1.4044708e+01   5.9243080e+00   1.5954083e+03   3.5081706e+02   2.8612078e+00
   1.2166667e+00   1.4240066e+01   5.9933356e+00   1.5967376e+03   3.5227304e+02   2.8681942e+00
   1.2333333e+00   1.4352723e+01   6.0145790e+00   1.5929315e+03   3.5314673e+02   2.8605485e+00
   1.2500000e+00   1.4530889e+01   6.0711310e+00   1.5922711e+03   3.5448288e+02   2.8643297e+00
   1.2666667e+00   1.4670742e+01   6.1031759e+00   1.5893166e+03   3.5549825e+02   2.8614348e+00
   1.2833333e+00   1.4829727e+01   6.1425088e+00   1.5866350e+03   3.5663790e+02   2.8617280e+00
   1.3000000e+00   1.5016918e+01   6.1964128e+00   1.5850374e+03   3.5796718e+02   2.8666865e+00
   1.3166667e+00   1.5146657e+01   6.2224939e+00   1.5816074e+03   3.5887278e+02   2.8623075e+00
   1.3333333e+00   1.5307625e+01   6.2623893e+00   1.5791314e+03   3.5996882e+02   2.8630151e+00
   1.3500000e+00   1.5502913e+01   6.3218553e+00   1.5783940e+03   3.6129304e+02   2.8692782e+00
   1.3666667e+00   1.5622851e+01   6.3405478e+00   1.5742557e+03   3.6212641e+02   2.8635912e+00
   1.3833333e+00   1.5794074e+01   6.3863871e+00   1.5726038e+03   3.6324915e+02   2.8660605e+00
   1.4000000e+00   1.5989428e+01   6.4462166e+00   1.5721209e+03   3.6451803e+02   2.8722474e+00
   1.4166667e+00   1.6097181e+01   6.5096854e+00   1.5774595e+03   3.6523655e+02   2.8666056e+00
   1.4333333e+00   1.6280553e+01   6.5117927e+00   1.5668274e+03   3.6638430e+02   2.8693463e+00
   1.4500000e+00   1.6475878e+01   6.5684028e+00   1.5658726e+03   3.6759274e+02   2.8753130e+00
   1.4666667e+00   1.6571373e+01   6.5783670e+00   1.5616220e+03   3.6820604e+02   2.8666172e+00
   1.4833333e+00   1.6766673e+01   6.6323508e+00   1.5605328e+03   3.6935854e+02   2.8725252e+00
   1.5000000e+00   1.6884328e+01   6.6514350e+00   1.5569090e+03   3.7007827e+02   2.8672306e+00
   1.5166667e+00   1.7057393e+01   6.6968014e+00   1.5552156e+03   3.7109955e+02   2.8699690e+00
   1.5333333e+00   1.7252638e+01   6.7496146e+00   1.5540499e+03   3.7220034e+02   2.8757370e+00
   1.5500000e+00   1.7352120e+01   6.8038693e+00   1.5579124e+03   3.7279136e+02   2.8693836e+00
   1.5666667e+00   1.7543284e+01   6.8133649e+00   1.5488742e+03   3.7386661e+02   2.8733939e+00
   1.5833333e+00   1.7663893e+01   6.8328793e+00   1.5455653e+03   3.7453973e+02   2.8688995e+00
   1.6000000e+00   1.7833871e+01   6.8738765e+00   1.5435969e+03   3.7546388e+02   2.8711873e+00
   1.6166667e+00   1.8029011e+01   6.9297171e+00   1.5428717e+03   3.7651558e+02   2.8769098e+00
   1.6333333e+00   1.8128426e+01   6.9391430e+00   1.5389336e+03   3.7705691e+02   2.8697839e+00
   1.6500000e+00   1.8319520e+01   6.9922020e+00   1.5381883e+03   3.7804463e+02   2.8749568e+00
   1.6666667e+00   1.8437029e+01   7.0510467e+00   1.5418383e+03   3.7867331e+02   2.8714365e+00
   1.6833333e+00   1.8609930e+01   7.0545976e+00   1.5334196e+03   3.7955370e+02   2.8731640e+00
   1.7000000e+00   1.8805075e+01   7.1065161e+00   1.5324020e+03   3.8052654e+02   2.8787189e+00
   1.7166667e+00   1.8900544e+01   7.1167562e+00   1.5288836e+03   3.8103943e+02   2.8716329e+00
   1.7333333e+00   1.9095719e+01   7.1695149e+00   1.5279829e+03   3.8200360e+02   2.8772146e+00
   1.7500000e+00   1.9209397e+01   7.2280615e+00   1.5318643e+03   3.8258450e+02   2.8735599e+00
   1.7666667e+00   1.9386411e+01   7.2317264e+00   1.5236797e+03   3.8344244e+02   2.8758700e+00
   1.7833333e+00   1.9581541e+01   7.2880329e+00   1.5234328e+03   3.8436785e+02   2.8814194e+00
   1.8000000e+00   1.9676989e+01   7.2935211e+00   1.5194222e+03   3.8483756e+02   2.8746410e+00
   1.8166667e+00   1.9872131e+01   7.3448298e+00   1.5184865e+03   3.8573192e+02   2.8800804e+00
   1.8333333e+00   1.9978847e+01   7.3567640e+00   1.5149848e+03   3.8625441e+02   2.8748754e+00
   1.8500000e+00   2.0162867e+01   7.4008540e+00   1.5135695e+03   3.8707845e+02   2.8788979e+00
   1.8666667e+00   2.0357942e+01   7.4687387e+00   1.5154428e+03   3.8794194e+02   2.8845655e+00
   1.8833333e+00   2.0453242e+01   7.4585920e+00   1.5090650e+03   3.8838741e+02   2.8777895e+00
   1.9000000e+00   2.0648265e+01   7.5078249e+00   1.5080143e+03   3.8922365e+02   2.8830502e+00
   1.9166667e+00   2.0743663e+01   7.5152788e+00   1.5045278e+03   3.8965516e+02   2.8768336e+00
   1.9333333e+00   2.0938650e+01   7.5730200e+00   1.5047164e+03   3.9047846e+02   2.8822586e+00
   1.9500000e+00   2.1044084e+01   7.5792710e+00   1.5006255e+03   3.9094295e+02   2.8772102e+00
   1.9666667e+00   2.1228994e+01   7.6253421e+00   1.4995398e+03   3.9169316e+02   2.8813446e+00
   1.9833333e+00   2.1423815e+01   7.6796308e+00   1.4991706e+03   3.9247578e+02   2.8865875e+00
   2.0000000e+00   2.1519154e+01   7.6868457e+00   1.4956973e+03   3.9288708e+02   2.8807062e+00
   2.0166667e+00   2.1714058e+01   7.7338368e+00   1.4949357e+03   3.9366546e+02   2.8857977e+00
   2.0333333e+00   2.1809394e+01   7.7406807e+00   1.4917512e+03   3.9407168e+02   2.8800280e+00
   2.0500000e+00   2.2004181e+01   7.7877994e+00   1.4908736e+03   3.9484956e+02   2.8850900e+00
   2.0666667e+00   2.2099711e+01   7.8365664e+00   1.4936228e+03   3.9523086e+02   2.8803477e+00
   2.0833333e+00   2.2294662e+01   7.8513463e+00   1.4873375e+03   3.9593462e+02   2.8849345e+00
   2.1000000e+00   2.2489624e+01   7.9045063e+00   1.4865886e+03   3.9664267e+02   2.8901881e+00
   2.1166667e+00   2.2585018e+01   7.9126318e+00   1.4846525e+03   3.9718400e+02   2.8849090e+00
   2.1333333e+00   2.2779943e+01   7.9383697e+00   1.4833093e+03   3.9830649e+02   2.8898350e+00
   2.1500000e+00   2.2875383e+01   7.9378332e+00   1.4804260e+03   3.9888766e+02   2.8845485e+00
   2.1666667e+00   2.3070254e+01   7.9427703e+00   1.4797040e+03   4.0042368e+02   2.8892196e+00
   2.1833333e+00   2.3165637e+01   7.9083121e+00   1.4772131e+03   4.0159888e+02   2.8835825e+00
   2.2000000e+00   2.3360480e+01   7.8607452e+00   1.4760538e+03   4.0394577e+02   2.8874854e+00
   2.2166667e+00   2.3455874e+01   7.8324366e+00   1.4743995e+03   4.0511815e+02   2.8820242e+00
   2.2333333e+00   2.3650781e+01   8.2591708e+00   1.4719972e+03   3.4539435e+02   2.8788273e+00
   2.2500000e+00   2.3845786e+01   8.8613952e+00   1.4709395e+03   2.6631542e+02   2.8615285e+00
   2.2666667e+00   2.3941104e+01   9.1499420e+00   1.4685318e+03   2.2769209e+02   2.8372692e+00
   2.2833333e+00   2.4131843e+01   8.3896784e+00   1.4674641e+03   3.8629979e+02   3.1810349e+00
   2.3000000e+00   2.4223059e+01   8.3819264e+00   1.4628248e+03   3.8664225e+02   3.1759454e+00
   2.3166667e+00   2.4409823e+01   8.4207831e+00   1.4611076e+03   3.8730423e+02   3.1780701e+00
   2.3333333e+00   2.4501199e+01   8.4198949e+00   1.4573747e+03   3.8765121e+02   3.1732230e+00
   2.3500000e+00   2.4687836e+01   8.4598889e+00   1.4557246e+03   3.8831379e+02   3.1753580e+00
   2.3666667e+00   2.4779101e+01   8.4638397e+00   1.4526125e+03   3.8866038e+02   3.1706447e+00
   2.3833333e+00   2.4965757e+01   8.5443003e+00   1.4561072e+03   3.8932394e+02   3.1733575e+00
   2.4000000e+00   2.5056904e+01   8.5042352e+00   1.4474370e+03   3.8965573e+02   3.1681106e+00
   2.4166667e+00   2.5243976e+01   8.5433472e+00   1.4460460e+03   3.9029401e+02   3.1706250e+00
   2.4333333e+00   2.5335295e+01   8.5466188e+00   1.4430730e+03   3.9062459e+02   3.1661900e+00
   2.4500000e+00   2.5525997e+01   8.5899121e+00   1.4420859e+03   3.9130476e+02   3.1694367e+00
   2.4666667e+00   2.5617210e+01   8.5938799e+00   1.4391824e+03   3.9163467e+02   3.1650715e+00
   2.4833333e+00   2.5803910e+01   8.6329400e+00   1.4375900e+03   3.9226258e+02   3.1674106e+00
   2.5000000e+00   2.5894989e+01   8.6376640e+00   1.4347555e+03   3.9258909e+02   3.1630743e+00
   2.5166667e+00   2.6082417e+01   8.6698496e+00   1.4326024e+03   3.9320660e+02   3.1654918e+00
   2.5333333e+00   2.6174330e+01   8.7169706e+00   1.4354408e+03   3.9352013e+02   3.1619850e+00
   2.5500000e+00   2.6265285e+01   8.6696521e+00   1.4265654e+03   3.9382444e+02   3.1570685e+00
   2.5666667e+00   2.6452916e+01   8.7046227e+00   1.4252065e+03   3.9441970e+02   3.1596535e+00
   2.5833333e+00   2.6544844e+01   8.7069189e+00   1.4224770e+03   3.9473380e+02   3.1556489e+00
   2.6000000e+00   2.6732079e+01   8.7398309e+00   1.4208346e+03   3.9532712e+02   3.1581612e+00
   2.6166667e+00   2.6822903e+01   8.7408080e+00   1.4179561e+03   3.9563127e+02   3.1540326e+00
   2.6333333e+00   2.7010204e+01   8.7776930e+00   1.4167181e+03   3.9622319e+02   3.1566300e+00
   2.6500000e+00   2.7101983e+01   8.7983756e+00   1.4158745e+03   3.9651448e+02   3.1528407e+00
   2.6666667e+00   2.7289448e+01   8.8664935e+00   1.4176854e+03   3.9707236e+02   3.1556091e+00
   2.6833333e+00   2.7380277e+01   8.8288321e+00   1.4098361e+03   3.9735526e+02   3.1509165e+00
   2.7000000e+00   2.7567716e+01   8.8732345e+00   1.4087194e+03   3.9791432e+02   3.1533090e+00
   2.7166667e+00   2.7658392e+01   8.8873262e+00   1.4070289e+03   3.9819715e+02   3.1493324e+00
   2.7333333e+00   2.7845651e+01   8.9235118e+00   1.4048355e+03   3.9875672e+02   3.1515814e+00
   2.7500000e+00   2.7937266e+01   8.9327669e+00   1.4025484e+03   3.9905757e+02   3.1478933e+00
   2.7666667e+00   2.8028828e+01   8.9551418e+00   1.4019617e+03   3.9935551e+02   3.1444668e+00
   2.7833333e+00   2.8216384e+01   8.9879123e+00   1.4003776e+03   3.9989585e+02   3.1471241e+00
   2.8000000e+00   2.8308038e+01   8.9834105e+00   1.3969958e+03   4.0017856e+02   3.1434244e+00
   2.8166667e+00   2.8495305e+01   9.0226483e+00   1.3960886e+03   4.0070873e+02   3.1459817e+00
   2.8333333e+00   2.8585887e+01   9.0226547e+00   1.3932342e+03   4.0098312e+02   3.1422371e+00
   2.8500000e+00   2.8772750e+01   9.0570527e+00   1.3917086e+03   4.0150633e+02   3.1445975e+00
   2.8666667e+00   2.8866865e+01   9.0609500e+00   1.3892741e+03   4.0182000e+02   3.1416736e+00
   2.8833333e+00   2.9053761e+01   9.0959518e+00   1.3878291e+03   4.0233629e+02   3.1440465e+00
   2.9000000e+00   2.9145119e+01   9.1133448e+00   1.3870113e+03   4.0259934e+02   3.1406755e+00
   2.9166667e+00   2.9331156e+01   9.1430456e+00   1.3850872e+03   4.0309041e+02   3.1428537e+00
   2.9333333e+00   2.9422516e+01   9.1295161e+00   1.3807853e+03   4.0335375e+02   3.1391611e+00
   2.9500000e+00   2.9513857e+01   9.1305694e+00   1.3781110e+03   4.0361426e+02   3.1356233e+00
   2.9666667e+00   2.9699713e+01   9.1881366e+00   1.3792355e+03   4.0410535e+02   3.1381377e+00
   2.9833333e+00   2.9790970e+01   9.1674781e+00   1.3741545e+03   4.0436829e+02   3.1344229e+00
   3.0000000e+00   2.9978041e+01   9.2039531e+00   1.3728707e+03   4.0486955e+02   3.1368737e+00
   3.0166667e+00   3.0068526e+01   9.2048467e+00   1.3702913e+03   4.0511734e+02   3.1333618e+00
   3.0333333e+00   3.0255374e+01   9.2757941e+00   1.3730201e+03   4.0559174e+02   3.1361817e+00
   3.0500000e+00   3.0346652e+01   9.2406317e+00   1.3665217e+03   4.0584033e+02   3.1323999e+00
   3.0666667e+00   3.0436991e+01   9.2542989e+00   1.3653546e+03   4.0608443e+02   3.1291230e+00
   3.0833333e+00   3.0623536e+01   9.3260219e+00   1.3680892e+03   4.0657064e+02   3.1322290e+00
   3.1000000e+00   3.0714464e+01   9.2802406e+00   1.3605129e+03   4.0682699e+02   3.1284925e+00
   3.1166667e+00   3.0900918e+01   9.3165520e+00   1.3593899e+03   4.0731352e+02   3.1310771e+00
   3.1333333e+00   3.0991955e+01   9.3218376e+00   1.3573022e+03   4.0757077e+02   3.1279972e+00
   3.1500000e+00   3.1178483e+01   9.3518082e+00   1.3562244e+03   4.0805234e+02   3.1306949e+00
   3.1666667e+00   3.1269540e+01   9.3539827e+00   1.3541839e+03   4.0830412e+02   3.1276760e+00
   3.1833333e+00   3.1359451e+01   9.4247633e+00   1.3593932e+03   4.0854562e+02   3.1252560e+00
   3.2000000e+00   3.1546409e+01   9.3779829e+00   1.3501839e+03   4.0901823e+02   3.1269460e+00
   3.2166667e+00   3.1637327e+01   9.3791312e+00   1.3479563e+03   4.0920700e+02   3.1243385e+00
   3.2333333e+00   3.1822727e+01   9.4982532e+00   1.3556488e+03   4.0922849e+02   3.1311436e+00
   3.2500000e+00   3.1913571e+01   9.4110669e+00   1.3442105e+03   4.0939753e+02   3.1277533e+00
   3.2666667e+00   3.2004409e+01   9.4129276e+00   1.3420458e+03   4.0956434e+02   3.1253805e+00
   3.2833333e+00   3.2189907e+01   9.4522093e+00   1.3405473e+03   4.0948463e+02   3.1310863e+00
   3.3000000e+00   3.2284227e+01   9.4590102e+00   1.3387577e+03   4.0990961e+02   3.1273928e+00
   3.3166667e+00   3.2469731e+01   9.5027614e+00   1.3376339e+03   4.0986712e+02   3.1329582e+00
   3.3333333e+00   3.2560605e+01   9.6230183e+00   1.3471001e+03   4.0999993e+02   3.1317959e+00
   3.3500000e+00   3.2651324e+01   9.5442084e+00   1.3362453e+03   4.1012734e+02   3.1285046e+00
   3.3666667e+00   3.2836659e+01   9.5601168e+00   1.3320945e+03   4.1008136e+02   3.1337992e+00
   3.3833333e+00   3.2927759e+01   9.5671312e+00   1.3299366e+03   4.1020558e+02   3.1315289e+00
   3.4000000e+00   3.3114182e+01   9.6102754e+00   1.3289138e+03   4.1027144e+02   3.1368407e+00
   3.4166667e+00   3.3203986e+01   9.6158408e+00   1.3269359e+03   4.1041478e+02   3.1345920e+00
   3.4333333e+00   3.3294174e+01   9.6202891e+00   1.3249786e+03   4.1064846e+02   3.1319082e+00
   3.4500000e+00   3.3478919e+01   9.6617238e+00   1.3240165e+03   4.1075120e+02   3.1370337e+00
   3.4666667e+00   3.3569378e+01   9.7815230e+00   1.3333743e+03   4.1094838e+02   3.1358143e+00
   3.4833333e+00   3.3753897e+01   9.7097552e+00   1.3211781e+03   4.1106876e+02   3.1396153e+00
   3.5000000e+00   3.3844172e+01   9.7156576e+00   1.3193036e+03   4.1129086e+02   3.1370812e+00
   3.5166667e+00   3.3933409e+01   9.7190043e+00   1.3171166e+03   4.1146136e+02   3.1347350e+00
   3.5333333e+00   3.4118258e+01   9.7592991e+00   1.3162542e+03   4.1152677e+02   3.1399068e+00
   3.5500000e+00   3.4208812e+01   9.7637157e+00   1.3144417e+03   4.1167237e+02   3.1377765e+00
   3.5666667e+00   3.4391685e+01   9.7994714e+00   1.3132860e+03   4.1162764e+02   3.1433371e+00
   3.5833333e+00   3.4482053e+01   9.8037729e+00   1.3115145e+03   4.1179361e+02   3.1411389e+00
   3.6000000e+00   3.4572595e+01   9.8225594e+00   1.3111087e+03   4.1194375e+02   3.1392083e+00
   3.6166667e+00   3.4756496e+01   9.9518393e+00   1.3189909e+03   4.1195240e+02   3.1455533e+00
   3.6333333e+00   3.4845719e+01   9.8511289e+00   1.3071513e+03   4.1206325e+02   3.1425947e+00
   3.6500000e+00   3.5030485e+01   9.8569774e+00   1.3033204e+03   4.1210584e+02   3.1470996e+00
   3.6666667e+00   3.5120127e+01   9.8914518e+00   1.3044256e+03   4.1217986e+02   3.1455923e+00
   3.6833333e+00   3.5210037e+01   9.8969507e+00   1.3028790e+03   4.1232362e+02   3.1435382e+00
   3.7000000e+00   3.5394968e+01   9.9318452e+00   1.3019648e+03   4.1237455e+02   3.1482541e+00
   3.7166667e+00   3.5485256e+01   1.0019056e+01   1.3080692e+03   4.1252597e+02   3.1470431e+00
   3.7333333e+00   3.5576370e+01   1.0013583e+01   1.3054710e+03   4.1269177e+02   3.1449204e+00
   3.7500000e+00   3.5763656e+01   9.9721379e+00   1.2977445e+03   4.1302860e+02   3.1478381e+00
   3.7666667e+00   3.5855005e+01   1.0060607e+01   1.3040577e+03   4.1330719e+02   3.1462198e+00
   3.7833333e+00   3.6039896e+01   1.0012305e+01   1.2954567e+03   4.1344618e+02   3.1497337e+00
   3.8000000e+00   3.6130374e+01   1.0016216e+01   1.2938785e+03   4.1367681e+02   3.1474519e+00
   3.8166667e+00   3.6218220e+01   1.0079092e+01   1.2975916e+03   4.1378304e+02   3.1461251e+00
   3.8333333e+00   3.6403018e+01   1.0055617e+01   1.2913544e+03   4.1392162e+02   3.1498758e+00
   3.8500000e+00   3.6493730e+01   1.0058398e+01   1.2896374e+03   4.1413765e+02   3.1477056e+00
   3.8666667e+00   3.6583716e+01   1.0064512e+01   1.2881314e+03   4.1428278e+02   3.1458388e+00
   3.8833333e+00   3.6768413e+01   1.0134726e+01   1.2904178e+03   4.1440901e+02   3.1505500e+00
   3.9000000e+00   3.6858191e+01   1.0105993e+01   1.2857494e+03   4.1455656e+02   3.1483562e+00
   3.9166667e+00   3.7042533e+01   1.0112566e+01   1.2821749e+03   4.1459993e+02   3.1527367e+00
   3.9333333e+00   3.7131985e+01   1.0184905e+01   1.2867026e+03   4.1473101e+02   3.1515354e+00
   3.9500000e+00   3.7221690e+01   1.0187765e+01   1.2849752e+03   4.1487153e+02   3.1496504e+00
   3.9666667e+00   3.7407115e+01   1.0191954e+01   1.2813903e+03   4.1499081e+02   3.1536461e+00
   3.9833333e+00   3.7497348e+01   1.0195721e+01   1.2798162e+03   4.1519110e+02   3.1515610e+00
   4.0000000e+00   3.7588472e+01   1.0227638e+01   1.2807330e+03   4.1539178e+02   3.1498260e+00
   4.0166667e+00   3.7771938e+01   1.0260680e+01   1.2796077e+03   4.1543926e+02   3.1543106e+00
   4.0333333e+00   3.7862941e+01   1.0263920e+01   1.2779565e+03   4.1563534e+02   3.1523490e+00
   4.0500000e+00   3.7951443e+01   1.0251838e+01   1.2748488e+03   4.1572990e+02   3.1505571e+00
   4.0666667e+00   3.8135565e+01   1.0300551e+01   1.2752397e+03   4.1580316e+02   3.1550923e+00
   4.0833333e+00   3.8225407e+01   1.0302825e+01   1.2736341e+03   4.1600384e+02   3.1530548e+00
   4.1000000e+00   3.8409814e+01   1.0307547e+01   1.2703544e+03   4.1617848e+02   3.1567266e+00
   4.1166667e+00   3.8500495e+01   1.0344881e+01   1.2718073e+03   4.1639784e+02   3.1550043e+00
   4.1333333e+00   3.8590882e+01   1.0343172e+01   1.2698819e+03   4.1662681e+02   3.1528739e+00
   4.1500000e+00   3.8774300e+01   1.0377668e+01   1.2690564e+03   4.1672720e+02   3.1571024e+00
   4.1666667e+00   3.8864668e+01   1.0423353e+01   1.2712128e+03   4.1695678e+02   3.1554262e+00
   4.1833333e+00   3.8954523e+01   1.0386213e+01   1.2661423e+03   4.1712341e+02   3.1532634e+00
   4.2000000e+00   3.9137261e+01   1.0421384e+01   1.2653618e+03   4.1719995e+02   3.1574570e+00
   4.2166667e+00   3.9233185e+01   1.0426107e+01   1.2643107e+03   4.1768506e+02   3.1545172e+00
   4.2333333e+00   3.9414927e+01   1.0469922e+01   1.2641418e+03   4.1768494e+02   3.1590155e+00
   4.2500000e+00   3.9505790e+01   1.0494972e+01   1.2644066e+03   4.1785628e+02   3.1574202e+00
   4.2666667e+00   3.9596775e+01   1.0515208e+01   1.2643142e+03   4.1806571e+02   3.1556270e+00
   4.2833333e+00   3.9780805e+01   1.0531032e+01   1.2618496e+03   4.1818050e+02   3.1594666e+00
   4.3000000e+00   3.9870712e+01   1.0535096e+01   1.2603148e+03   4.1833639e+02   3.1577346e+00
   4.3166667e+00   3.9960201e+01   1.0519301e+01   1.2571170e+03   4.1848979e+02   3.1558261e+00
   4.3333333e+00   4.0145284e+01   1.0522582e+01   1.2540779e+03   4.1863862e+02   3.1597068e+00
   4.3500000e+00   4.0236552e+01   1.0568209e+01   1.2563436e+03   4.1884084e+02   3.1584019e+00
   4.3666667e+00   4.0324822e+01   1.0557862e+01   1.2538741e+03   4.1896657e+02   3.1568009e+00
   4.3833333e+00   4.0506626e+01   1.0645189e+01   1.2578784e+03   4.1901456e+02   3.1616724e+00
   4.4000000e+00   4.0598640e+01   1.0678453e+01   1.2591622e+03   4.1926849e+02   3.1601831e+00
   4.4166667e+00   4.0689720e+01   1.0682278e+01   1.2580375e+03   4.1954728e+02   3.1582330e+00
   4.4333333e+00   4.0872877e+01   1.0719966e+01   1.2581129e+03   4.1976901e+02   3.1619141e+00
   4.4500000e+00   4.0963891e+01   1.0729582e+01   1.2574710e+03   4.2005222e+02   3.1600849e+00
   4.4666667e+00   4.1147540e+01   1.0634301e+01   1.2468470e+03   4.2027836e+02   3.1625438e+00
   4.4833333e+00   4.1238006e+01   1.0664686e+01   1.2479853e+03   4.2050926e+02   3.1610693e+00
   4.5000000e+00   4.1328357e+01   1.0655837e+01   1.2459158e+03   4.2073711e+02   3.1592717e+00
   4.5166667e+00   4.1512836e+01   1.0651895e+01   1.2426886e+03   4.2088788e+02   3.1627635e+00
   4.5333333e+00   4.1603323e+01   1.0703545e+01   1.2454823e+03   4.2108678e+02   3.1616031e+00
   4.5500000e+00   4.1693426e+01   1.0683519e+01   1.2424179e+03   4.2125881e+02   3.1598965e+00
   4.5666667e+00   4.1874457e+01   1.0712454e+01   1.2416696e+03   4.2131334e+02   3.1637139e+00
   4.5833333e+00   4.1964265e+01   1.0882531e+01   1.2539131e+03   4.2148326e+02   3.1636038e+00
   4.6000000e+00   4.2056268e+01   1.0751638e+01   1.2416635e+03   4.2167493e+02   3.1607030e+00
   4.6166667e+00   4.2239944e+01   1.0765723e+01   1.2386781e+03   4.2167012e+02   3.1636006e+00
   4.6333333e+00   4.2329255e+01   1.0773751e+01   1.2373062e+03   4.2175197e+02   3.1618812e+00
   4.6500000e+00   4.2419491e+01   1.0821424e+01   1.2391570e+03   4.2188262e+02   3.1603987e+00
   4.6666667e+00   4.2603130e+01   1.0826473e+01   1.2354494e+03   4.2188535e+02   3.1632367e+00
   4.6833333e+00   4.2696362e+01   1.1014076e+01   1.2485801e+03   4.2219404e+02   3.1624874e+00
   4.7000000e+00   4.2881002e+01   1.0853122e+01   1.2318034e+03   4.2224063e+02   3.1638776e+00
   4.7166667e+00   4.2971323e+01   1.1080603e+01   1.2476803e+03   4.2236218e+02   3.1639207e+00
   4.7333333e+00   4.3060807e+01   1.0899887e+01   1.2319893e+03   4.2263576e+02   3.1603449e+00
   4.7500000e+00   4.3244545e+01   1.1113252e+01   1.2453973e+03   4.2281392e+02   3.1650510e+00
   4.7666667e+00   4.3336113e+01   1.0941696e+01   1.2305998e+03   4.2311674e+02   3.1616885e+00
   4.7833333e+00   4.3426042e+01   1.1015993e+01   1.2348697e+03   4.2335248e+02   3.1604704e+00
   4.8000000e+00   4.3611023e+01   1.0958479e+01   1.2271752e+03   4.2355461e+02   3.1629508e+00
   4.8166667e+00   4.3701524e+01   1.0992840e+01   1.2283396e+03   4.2380839e+02   3.1613851e+00
   4.8333333e+00   4.3884907e+01   1.1003247e+01   1.2259055e+03   4.2398883e+02   3.1644050e+00
   4.8500000e+00   4.3977207e+01   1.1038116e+01   1.2270698e+03   4.2425371e+02   3.1629058e+00
   4.8666667e+00   4.4067697e+01   1.1045591e+01   1.2261870e+03   4.2447060e+02   3.1612380e+00
   4.8833333e+00   4.4250629e+01   1.1049749e+01   1.2235086e+03   4.2462493e+02   3.1641939e+00
   4.9000000e+00   4.4341285e+01   1.1083937e+01   1.2246726e+03   4.2483179e+02   3.1627861e+00
   4.9166667e+00   4.4434277e+01   1.1091102e+01   1.2238258e+03   4.2509720e+02   3.1610725e+00
   4.9333333e+00   4.4616462e+01   1.1099983e+01   1.2215357e+03   4.2527683e+02   3.1639366e+00
   4.9500000e+00   4.4707429e+01   1.1133640e+01   1.2226993e+03   4.2553034e+02   3.1623838e+00
   4.9666667e+00   4.4800596e+01   1.1141408e+01   1.2218882e+03   4.2579615e+02   3.1607007e+00
   4.9833333e+00   4.4982072e+01   1.1454566e+01   1.2423057e+03   4.2588034e+02   3.1661881e+00
   5.0000000e+00   4.5074188e+01   1.1184186e+01   1.2205173e+03   4.2610337e+02   3.1625153e+00
   5.0166667e+00   4.5164728e+01   1.1193441e+01   1.2197420e+03   4.2631032e+02   3.1609636e+00
   5.0333333e+00   4.5347809e+01   1.1206218e+01   1.2175957e+03   4.2646115e+02   3.1640205e+00
   5.0500000e+00   4.5438354e+01   1.1240279e+01   1.2187584e+03   4.2672694e+02   3.1624721e+00
   5.0666667e+00   4.5622149e+01   1.1252784e+01   1.2166598e+03   4.2694261e+02   3.1653128e+00
   5.0833333e+00   4.5715096e+01   1.1289923e+01   1.2181379e+03   4.2729533e+02   3.1636029e+00
   5.1000000e+00   4.5807189e+01   1.1302816e+01   1.2177368e+03   4.2759071e+02   3.1618763e+00
   5.1166667e+00   4.5990341e+01   1.1316910e+01   1.2157095e+03   4.2778966e+02   3.1647410e+00
   5.1333333e+00   4.6079471e+01   1.1348690e+01   1.2168716e+03   4.2803319e+02   3.1632434e+00
   5.1500000e+00   4.6170622e+01   1.1355739e+01   1.2161906e+03   4.2827361e+02   3.1616407e+00
   5.1666667e+00   4.6355431e+01   1.1364360e+01   1.2142347e+03   4.2848344e+02   3.1645192e+00
   5.1833333e+00   4.6444668e+01   1.1398041e+01   1.2153962e+03   4.2864511e+02   3.1633384e+00
   5.2000000e+00   4.6630243e+01   1.1481322e+01   1.2190106e+03   4.2895776e+02   3.1664216e+00
   5.2166667e+00   4.6721284e+01   1.1442655e+01   1.2149632e+03   4.2918066e+02   3.1645867e+00
   5.2333333e+00   4.6812695e+01   1.1450919e+01   1.2143410e+03   4.2941825e+02   3.1630782e+00
   5.2500000e+00   4.6994831e+01   1.1460504e+01   1.2123668e+03   4.2955295e+02   3.1660635e+00
   5.2666667e+00   4.7084811e+01   1.1492619e+01   1.2135276e+03   4.2973191e+02   3.1648801e+00
   5.2833333e+00   4.7176497e+01   1.1500030e+01   1.2129407e+03   4.2994525e+02   3.1634798e+00
   5.3000000e+00   4.7358704e+01   1.1560938e+01   1.2149217e+03   4.3007567e+02   3.1668587e+00
   5.3166667e+00   4.7448408e+01   1.1593536e+01   1.2161080e+03   4.3025678e+02   3.1656730e+00
   5.3333333e+00   4.7538630e+01   1.1547584e+01   1.2116467e+03   4.3042907e+02   3.1639728e+00
   5.3500000e+00   4.7719425e+01   1.1603305e+01   1.2131133e+03   4.3048527e+02   3.1674845e+00
   5.3666667e+00   4.7810508e+01   1.1584041e+01   1.2107978e+03   4.3081154e+02   3.1655208e+00
   5.3833333e+00   4.7994789e+01   1.1640060e+01   1.2125676e+03   4.3109711e+02   3.1684075e+00
   5.4000000e+00   4.8084225e+01   1.1646280e+01   1.2118800e+03   4.3129984e+02   3.1669489e+00
   5.4166667e+00   4.8176366e+01   1.1966595e+01   1.2334959e+03   4.3157124e+02   3.1675496e+00
   5.4333333e+00   4.8358387e+01   1.1654482e+01   1.2090144e+03   4.3175109e+02   3.1680490e+00
   5.4500000e+00   4.8450324e+01   1.1719781e+01   1.2125604e+03   4.3202362e+02   3.1668968e+00
   5.4666667e+00   4.8539214e+01   1.1725477e+01   1.2118825e+03   4.3225421e+02   3.1653539e+00
   5.4833333e+00   4.8723860e+01   1.1711341e+01   1.2084260e+03   4.3241947e+02   3.1680567e+00
   5.5000000e+00   4.8812946e+01   1.1739496e+01   1.2092725e+03   4.3262013e+02   3.1668001e+00
   5.5166667e+00   4.8994371e+01   1.1755782e+01   1.2078913e+03   4.3272199e+02   3.1698113e+00
   5.5333333e+00   4.9084182e+01   1.1765623e+01   1.2074297e+03   4.3289718e+02   3.1684906e+00
   5.5500000e+00   4.9173972e+01   1.2100437e+01   1.2295893e+03   4.3307569e+02   3.1693780e+00
   5.5666667e+00   4.9356636e+01   1.2110846e+01   1.2278231e+03   4.3320405e+02   3.1722346e+00
   5.5833333e+00   4.9539328e+01   1.1853557e+01   1.2087454e+03   4.3372093e+02   3.1736656e+00
   5.6000000e+00   4.9630093e+01   1.2152983e+01   1.2282478e+03   4.3390127e+02   3.1742544e+00
   5.6166667e+00   4.9716543e+01   1.1891383e+01   1.2088362e+03   4.3394845e+02   3.1713918e+00
   5.6333333e+00   4.9806284e+01   1.1902365e+01   1.2083956e+03   4.3411142e+02   3.1700866e+00
   5.6500000e+00   4.9987903e+01   1.1916055e+01   1.2067652e+03   4.3418206e+02   3.1730081e+00
   5.6666667e+00   5.0077246e+01   1.2231172e+01   1.2271678e+03   4.3434895e+02   3.1737007e+00
   5.6833333e+00   5.0260771e+01   1.1958204e+01   1.2060269e+03   4.3452156e+02   3.1745010e+00
   5.7000000e+00   5.0349756e+01   1.1965226e+01   1.2053955e+03   4.3473234e+02   3.1730095e+00
   5.7166667e+00   5.0440508e+01   1.2010104e+01   1.2073273e+03   4.3494987e+02   3.1718241e+00
   5.7333333e+00   5.0626384e+01   1.2012298e+01   1.2053288e+03   4.3531649e+02   3.1738503e+00
   5.7500000e+00   5.0717705e+01   1.2305052e+01   1.2240843e+03   4.3556528e+02   3.1741766e+00
   5.7666667e+00   5.0807753e+01   1.2055646e+01   1.2060413e+03   4.3576843e+02   3.1711075e+00
   5.7833333e+00   5.0989317e+01   1.2066858e+01   1.2043308e+03   4.3592338e+02   3.1737285e+00
   5.8000000e+00   5.1080940e+01   1.2098479e+01   1.2053396e+03   4.3612847e+02   3.1725460e+00
   5.8166667e+00   5.1261857e+01   1.2109854e+01   1.2036417e+03   4.3622976e+02   3.1753345e+00
   5.8333333e+00   5.1353415e+01   1.2357636e+01   1.2191724e+03   4.3646382e+02   3.1754315e+00
   5.8500000e+00   5.1443340e+01   1.2188351e+01   1.2066531e+03   4.3662681e+02   3.1730633e+00
   5.8666667e+00   5.1622374e+01   1.2391473e+01   1.2176378e+03   4.3666170e+02   3.1772348e+00
   5.8833333e+00   5.1713689e+01   1.2395728e+01   1.2167637e+03   4.3685997e+02   3.1759057e+00
   5.9000000e+00   5.1802971e+01   1.2247822e+01   1.2057440e+03   4.3702340e+02   3.1736689e+00
   5.9166667e+00   5.1985946e+01   1.2432313e+01   1.2155138e+03   4.3715800e+02   3.1775028e+00
   5.9333333e+00   5.2075282e+01   1.2498440e+01   1.2187754e+03   4.3731982e+02   3.1766016e+00
   5.9500000e+00   5.2165873e+01   1.2251697e+01   1.2013844e+03   4.3749786e+02   3.1737451e+00
   5.9666667e+00   5.2346065e+01   1.2327157e+01   1.2040324e+03   4.3757044e+02   3.1769721e+00
   5.9833333e+00   5.2436380e+01   1.2544307e+01   1.2173559e+03   4.3782074e+02   3.1767156e+00
   6.0000000e+00   5.2527925e+01   1.2302463e+01   1.2004948e+03   4.3807732e+02   3.1736464e+00
   6.0166667e+00   5.2708689e+01   1.2504586e+01   1.2115802e+03   4.3826865e+02   3.1772154e+00
   6.0333333e+00   5.2799832e+01   1.2421212e+01   1.2051161e+03   4.3849930e+02   3.1752121e+00
   6.0500000e+00   5.2979804e+01   1.2539549e+01   1.2106278e+03   4.3866542e+02   3.1783113e+00
   6.0666667e+00   5.3071565e+01   1.2363583e+01   1.1981726e+03   4.3890694e+02   3.1757440e+00
   6.0833333e+00   5.3164002e+01   1.2394565e+01   1.1991790e+03   4.3914077e+02   3.1745243e+00
   6.1000000e+00   5.3343426e+01   1.2405164e+01   1.1975874e+03   4.3925422e+02   3.1771803e+00
   6.1166667e+00   5.3432657e+01   1.2413457e+01   1.1970304e+03   4.3941344e+02   3.1759890e+00
   6.1333333e+00   5.3524801e+01   1.2545569e+01   1.2045253e+03   4.3962814e+02   3.1754570e+00
   6.1500000e+00   5.3704765e+01   1.2456735e+01   1.1964635e+03   4.3972794e+02   3.1775727e+00
   6.1666667e+00   5.3788241e+01   1.2575358e+01   1.2028598e+03   4.3976301e+02   3.1773457e+00
   6.1833333e+00   5.3877528e+01   1.2648207e+01   1.2064052e+03   4.3990896e+02   3.1766133e+00
   6.2000000e+00   5.4061216e+01   1.2509013e+01   1.1952231e+03   4.4006002e+02   3.1783553e+00
   6.2166667e+00   5.4150236e+01   1.2516833e+01   1.1946842e+03   4.4020888e+02   3.1771930e+00
   6.2333333e+00   5.4239418e+01   1.2684686e+01   1.2043586e+03   4.4035937e+02   3.1770024e+00
   6.2500000e+00   5.4419317e+01   1.2687300e+01   1.2022915e+03   4.4044402e+02   3.1796933e+00
   6.2666667e+00   5.4508332e+01   1.2562411e+01   1.1933015e+03   4.4059247e+02   3.1777464e+00
   6.2833333e+00   5.4599408e+01   1.2594155e+01   1.1943057e+03   4.4077660e+02   3.1766823e+00
   6.3000000e+00   5.4782359e+01   1.2609754e+01   1.1934341e+03   4.4109516e+02   3.1786354e+00
   6.3166667e+00   5.4873761e+01   1.2728084e+01   1.1999766e+03   4.4133206e+02   3.1778921e+00
   6.3333333e+00   5.5053115e+01   1.2756535e+01   1.1996345e+03   4.4146212e+02   3.1805001e+00
   6.3500000e+00   5.5142329e+01   1.2662546e+01   1.1927402e+03   4.4163860e+02   3.1786427e+00
   6.3666667e+00   5.5232725e+01   1.2764777e+01   1.1982415e+03   4.4185392e+02   3.1778415e+00
   6.3833333e+00   5.5411583e+01   1.2703297e+01   1.1922577e+03   4.4195475e+02   3.1799806e+00
   6.4000000e+00   5.5500923e+01   1.2710742e+01   1.1917511e+03   4.4213257e+02   3.1787399e+00
   6.4166667e+00   5.5590372e+01   1.2742610e+01   1.1927535e+03   4.4230084e+02   3.1776933e+00
   6.4333333e+00   5.5769099e+01   1.2753537e+01   1.1912866e+03   4.4239198e+02   3.1802893e+00
   6.4500000e+00   5.5857756e+01   1.2762452e+01   1.1907888e+03   4.4251865e+02   3.1792560e+00
   6.4666667e+00   5.5947966e+01   1.2773841e+01   1.1904739e+03   4.4267347e+02   3.1781863e+00
   6.4833333e+00   5.6128211e+01   1.2862810e+01   1.1938298e+03   4.4277102e+02   3.1812800e+00
   6.5000000e+00   5.6218198e+01   1.2866009e+01   1.1930102e+03   4.4292741e+02   3.1801677e+00
   6.5166667e+00   5.6305964e+01   1.2822129e+01   1.1892271e+03   4.4303622e+02   3.1788973e+00
   6.5333333e+00   5.6482518e+01   1.2854113e+01   1.1889643e+03   4.4306493e+02   3.1817901e+00
   6.5500000e+00   5.6572803e+01   1.2899739e+01   1.1907809e+03   4.4323966e+02   3.1808710e+00
   6.5666667e+00   5.6661227e+01   1.2903256e+01   1.1899678e+03   4.4338039e+02   3.1797817e+00
   6.5833333e+00   5.6841278e+01   1.2907785e+01   1.1880743e+03   4.4347744e+02   3.1823519e+00
   6.6000000e+00   5.6927728e+01   1.2915936e+01   1.1876034e+03   4.4364019e+02   3.1811333e+00
   6.6166667e+00   5.7019352e+01   1.2927583e+01   1.1874550e+03   4.4389238e+02   3.1797610e+00
   6.6333333e+00   5.7197607e+01   1.2961757e+01   1.1875303e+03   4.4397108e+02   3.1823237e+00
   6.6500000e+00   5.7287354e+01   1.2969994e+01   1.1871736e+03   4.4417030e+02   3.1810117e+00
   6.6666667e+00   5.7375150e+01   1.2998796e+01   1.1880391e+03   4.4434154e+02   3.1798627e+00
   6.6833333e+00   5.7558789e+01   1.3018022e+01   1.1873303e+03   4.4453895e+02   3.1820490e+00
   6.7000000e+00   5.7648987e+01   1.3025664e+01   1.1868763e+03   4.4470792e+02   3.1808784e+00
   6.7166667e+00   5.7827397e+01   1.3059984e+01   1.1869664e+03   4.4481319e+02   3.1833267e+00
   6.7333333e+00   5.7916968e+01   1.3037952e+01   1.1846833e+03   4.4495666e+02   3.1820755e+00
   6.7500000e+00   5.8004906e+01   1.3080413e+01   1.1862535e+03   4.4507198e+02   3.1812487e+00
   6.7666667e+00   5.8185590e+01   1.3296226e+01   1.1971433e+03   4.4515020e+02   3.1848756e+00
   6.7833333e+00   5.8274177e+01   1.3125616e+01   1.1859131e+03   4.4526569e+02   3.1829071e+00
   6.8000000e+00   5.8362444e+01   1.3134540e+01   1.1854770e+03   4.4539253e+02   3.1818658e+00
   6.8166667e+00   5.8542386e+01   1.3171027e+01   1.1855846e+03   4.4546700e+02   3.1845057e+00
   6.8333333e+00   5.8632010e+01   1.3180085e+01   1.1851539e+03   4.4560340e+02   3.1834811e+00
   6.8500000e+00   5.8720149e+01   1.3189341e+01   1.1847266e+03   4.4572630e+02   3.1824657e+00
   6.8666667e+00   5.8808876e+01   1.3116913e+01   1.1793845e+03   4.4582019e+02   3.1811431e+00
   6.8833333e+00   5.8987144e+01   1.3146929e+01   1.1790872e+03   4.4588176e+02   3.1837546e+00
   6.9000000e+00   5.9083139e+01   1.3152755e+01   1.1788384e+03   4.4623387e+02   3.1820505e+00
   6.9166667e+00   5.9260439e+01   1.3284221e+01   1.1847598e+03   4.4637401e+02   3.1848367e+00
   6.9333333e+00   5.9351165e+01   1.3180605e+01   1.1778673e+03   4.4660076e+02   3.1828591e+00
   6.9500000e+00   5.9533401e+01   1.3211633e+01   1.1778421e+03   4.4676769e+02   3.1851425e+00
   6.9666667e+00   5.9623003e+01   1.3343438e+01   1.1847004e+03   4.4693157e+02   3.1846923e+00
   6.9833333e+00   5.9715758e+01   1.3221343e+01   1.1768198e+03   4.4721511e+02   3.1824524e+00
   7.0000000e+00   5.9893264e+01   1.3249465e+01   1.1765318e+03   4.4731150e+02   3.1848483e+00
   7.0166667e+00   5.9984012e+01   1.3403780e+01   1.1846646e+03   4.4748693e+02   3.1845126e+00
   7.0333333e+00   6.0076793e+01   1.3415364e+01   1.1845820e+03   4.4771195e+02   3.1832436e+00
   7.0500000e+00   6.0254417e+01   1.3281997e+01   1.1749675e+03   4.4777603e+02   3.1848610e+00
   7.0666667e+00   6.0341061e+01   1.3418574e+01   1.1819634e+03   4.4784419e+02   3.1847424e+00
   7.0833333e+00   6.0431736e+01   1.3469902e+01   1.1841300e+03   4.4801547e+02   3.1838430e+00
   7.1000000e+00   6.0610146e+01   1.3439848e+01   1.1805514e+03   4.4809840e+02   3.1859720e+00
   7.1166667e+00   6.0700582e+01   1.3512252e+01   1.1839028e+03   4.4825506e+02   3.1852415e+00
   7.1333333e+00   6.0789932e+01   1.3322163e+01   1.1720497e+03   4.4838930e+02   3.1831793e+00
   7.1500000e+00   6.0968598e+01   1.3555871e+01   1.1836875e+03   4.4846648e+02   3.1867506e+00
   7.1666667e+00   6.1056013e+01   1.3350889e+01   1.1710133e+03   4.4858850e+02   3.1846149e+00
   7.1833333e+00   6.1146399e+01   1.3352398e+01   1.1702552e+03   4.4873618e+02   3.1835735e+00
   7.2000000e+00   6.1324376e+01   1.3378824e+01   1.1699829e+03   4.4883866e+02   3.1859294e+00
   7.2166667e+00   6.1415663e+01   1.3382754e+01   1.1694910e+03   4.4906329e+02   3.1845779e+00
   7.2333333e+00   6.1592666e+01   1.3514091e+01   1.1752812e+03   4.4920513e+02   3.1872633e+00
   7.2500000e+00   6.1683927e+01   1.3417001e+01   1.1689952e+03   4.4940673e+02   3.1852461e+00
   7.2666667e+00   6.1775269e+01   1.3684463e+01   1.1834573e+03   4.4957715e+02   3.1851661e+00
   7.2833333e+00   6.1952202e+01   1.3720169e+01   1.1836440e+03   4.4968217e+02   3.1877987e+00
   7.3000000e+00   6.2043084e+01   1.3449611e+01   1.1674924e+03   4.4984699e+02   3.1849196e+00
   7.3166667e+00   6.2132612e+01   1.3454885e+01   1.1670082e+03   4.4998964e+02   3.1836233e+00
   7.3333333e+00   6.2311723e+01   1.3479611e+01   1.1667462e+03   4.5013407e+02   3.1858728e+00
   7.3500000e+00   6.2400970e+01   1.3789562e+01   1.1834140e+03   4.5024560e+02   3.1864420e+00
   7.3666667e+00   6.2579435e+01   1.3484691e+01   1.1644194e+03   4.5034281e+02   3.1874032e+00
   7.3833333e+00   6.2667913e+01   1.3833906e+01   1.1832755e+03   4.5047046e+02   3.1879912e+00
   7.4000000e+00   6.2754090e+01   1.3584030e+01   1.1683182e+03   4.5055430e+02   3.1858364e+00
   7.4166667e+00   6.2936638e+01   1.3517837e+01   1.1628507e+03   4.5068088e+02   3.1878910e+00
   7.4333333e+00   6.3020034e+01   1.3544326e+01   1.1634326e+03   4.5074014e+02   3.1872922e+00
   7.4500000e+00   6.3111213e+01   1.3545553e+01   1.1626982e+03   4.5086905e+02   3.1861495e+00
   7.4666667e+00   6.3198813e+01   1.3605184e+01   1.1652102e+03   4.5097362e+02   3.1854264e+00
   7.4833333e+00   6.3375468e+01   1.3573406e+01   1.1617157e+03   4.5106273e+02   3.1878107e+00
   7.5000000e+00   6.3466009e+01   1.4011631e+01   1.1853530e+03   4.5120311e+02   3.1887333e+00
   7.5166667e+00   6.3645193e+01   1.3623019e+01   1.1621087e+03   4.5135856e+02   3.1887481e+00
   7.5333333e+00   6.3731808e+01   1.4003465e+01   1.1824652e+03   4.5148703e+02   3.1893514e+00
   7.5500000e+00   6.3826962e+01   1.3655300e+01   1.1626028e+03   4.5174521e+02   3.1853089e+00
   7.5666667e+00   6.4006578e+01   1.3639310e+01   1.1600826e+03   4.5188675e+02   3.1873288e+00
   7.5833333e+00   6.4092845e+01   1.3674290e+01   1.1612124e+03   4.5199280e+02   3.1864250e+00
   7.6000000e+00   6.4178565e+01   1.4113332e+01   1.1846518e+03   4.5210136e+02   3.1874774e+00
   7.6166667e+00   6.4358854e+01   1.3672430e+01   1.1586586e+03   4.5223706e+02   3.1874901e+00
   7.6333333e+00   6.4449060e+01   1.3695663e+01   1.1591703e+03   4.5237367e+02   3.1863434e+00
   7.6500000e+00   6.4537488e+01   1.4141227e+01   1.1828364e+03   4.5248521e+02   3.1874910e+00
   7.6666667e+00   6.4713600e+01   1.4195326e+01   1.1840304e+03   4.5258641e+02   3.1901756e+00
   7.6833333e+00   6.4800878e+01   1.3707459e+01   1.1564353e+03   4.5267082e+02   3.1869583e+00
   7.7000000e+00   6.4890040e+01   1.3716366e+01   1.1560842e+03   4.5277314e+02   3.1860717e+00
   7.7166667e+00   6.5067380e+01   1.3736584e+01   1.1554919e+03   4.5286894e+02   3.1886968e+00
   7.7333333e+00   6.5154525e+01   1.3736272e+01   1.1547006e+03   4.5296410e+02   3.1877249e+00
   7.7500000e+00   6.5241718e+01   1.3741995e+01   1.1542368e+03   4.5305920e+02   3.1867899e+00
   7.7666667e+00   6.5423506e+01   1.3743254e+01   1.1527312e+03   4.5318864e+02   3.1890411e+00
   7.7833333e+00   6.5510522e+01   1.3768444e+01   1.1533049e+03   4.5327665e+02   3.1882882e+00
   7.8000000e+00   6.5596285e+01   1.3754924e+01   1.1519003e+03   4.5340712e+02   3.1867996e+00
   7.8166667e+00   6.5776061e+01   1.3746416e+01   1.1499322e+03   4.5355531e+02   3.1887032e+00
   7.8333333e+00   6.5863336e+01   1.3800989e+01   1.1521941e+03   4.5368699e+02   3.1876049e+00
   7.8500000e+00   6.6042971e+01   1.3805356e+01   1.1509605e+03   4.5384788e+02   3.1893079e+00
   7.8666667e+00   6.6132947e+01   1.3833468e+01   1.1517882e+03   4.5397985e+02   3.1879866e+00
   7.8833333e+00   6.6223210e+01   1.4429261e+01   1.1830877e+03   4.5409818e+02   3.1895770e+00
   7.9000000e+00   6.6398706e+01   1.3839632e+01   1.1498698e+03   4.5420572e+02   3.1886430e+00
   7.9166667e+00   6.6489868e+01   1.3868190e+01   1.1506955e+03   4.5433314e+02   3.1874344e+00
   7.9333333e+00   6.6582533e+01   1.3871730e+01   1.1502615e+03   4.5449716e+02   3.1857573e+00
   7.9500000e+00   6.6758943e+01   1.3815244e+01   1.1456118e+03   4.5456726e+02   3.1878490e+00
   7.9666667e+00   6.6845196e+01   1.3899987e+01   1.1493597e+03   4.5464972e+02   3.1873227e+00
   7.9833333e+00   6.6933236e+01   1.3838018e+01   1.1452781e+03   4.5473647e+02   3.1860626e+00
   8.0000000e+00   6.7109572e+01   1.3907858e+01   1.1473718e+03   4.5479952e+02   3.1888125e+00
   8.0166667e+00   6.7197809e+01   1.3856808e+01   1.1439061e+03   4.5488537e+02   3.1875762e+00
   8.0333333e+00   6.7284424e+01   1.3934281e+01   1.1472604e+03   4.5496519e+02   3.1870145e+00
   8.0500000e+00   6.7461587e+01   1.4558173e+01   1.1786026e+03   4.5501464e+02   3.1925404e+00
   8.0666667e+00   6.7551037e+01   1.3875971e+01   1.1417733e+03   4.5510684e+02   3.1882621e+00
   8.0833333e+00   6.7639635e+01   1.3872587e+01   1.1408556e+03   4.5519819e+02   3.1872295e+00
   8.1000000e+00   6.7815958e+01   1.4703080e+01   1.1830587e+03   4.5528931e+02   3.1932158e+00
   8.1166667e+00   6.7905697e+01   1.4640672e+01   1.1790929e+03   4.5541794e+02   3.1915297e+00
   8.1333333e+00   6.7994809e+01   1.4748684e+01   1.1840997e+03   4.5554730e+02   3.1905668e+00
   8.1500000e+00   6.8170447e+01   1.4767673e+01   1.1835508e+03   4.5562620e+02   3.1927545e+00
   8.1666667e+00   6.8258137e+01   1.4030281e+01   1.1442048e+03   4.5571774e+02   3.1882474e+00
   8.1833333e+00   6.8435811e+01   1.4030657e+01   1.1427804e+03   4.5580706e+02   3.1902853e+00
   8.2000000e+00   6.8525716e+01   1.3904566e+01   1.1355932e+03   4.5593044e+02   3.1882575e+00
   8.2166667e+00   6.8611254e+01   1.4058746e+01   1.1429334e+03   4.5600237e+02   3.1881332e+00
   8.2333333e+00   6.8789268e+01   1.4752473e+01   1.1775866e+03   4.5608718e+02   3.1934698e+00
   8.2500000e+00   6.8876754e+01   1.4068541e+01   1.1412691e+03   4.5616514e+02   3.1893557e+00
   8.2666667e+00   6.8969342e+01   1.4793467e+01   1.1784662e+03   4.5633971e+02   3.1908757e+00
   8.2833333e+00   6.9145081e+01   1.3938257e+01   1.1325036e+03   4.5638316e+02   3.1893510e+00
   8.3000000e+00   6.9231924e+01   1.3962205e+01   1.1330844e+03   4.5646750e+02   3.1884515e+00
   8.3166667e+00   6.9316976e+01   1.4121625e+01   1.1405842e+03   4.5651618e+02   3.1886219e+00
   8.3333333e+00   6.9403756e+01   1.3958167e+01   1.1314165e+03   4.5658314e+02   3.1869898e+00
   8.3500000e+00   6.9583268e+01   1.4127752e+01   1.1386981e+03   4.5665556e+02   3.1901426e+00
   8.3666667e+00   6.9669697e+01   1.3974104e+01   1.1300590e+03   4.5671971e+02   3.1885888e+00
   8.3833333e+00   6.9754724e+01   1.4153300e+01   1.1386107e+03   4.5679348e+02   3.1885544e+00
   8.4000000e+00   6.9929757e+01   1.3962440e+01   1.1273694e+03   4.5687112e+02   3.1896822e+00
   8.4166667e+00   7.0017813e+01   1.4181655e+01   1.1380365e+03   4.5697865e+02   3.1895058e+00
   8.4333333e+00   7.0104353e+01   1.4942899e+01   1.1764407e+03   4.5706619e+02   3.1919185e+00
   8.4500000e+00   7.0278957e+01   1.3974159e+01   1.1253804e+03   4.5713676e+02   3.1895563e+00
   8.4666667e+00   7.0366369e+01   1.4003267e+01   1.1262289e+03   4.5721899e+02   3.1887395e+00
   8.4833333e+00   7.0545750e+01   1.3991587e+01   1.1242994e+03   4.5732115e+02   3.1905824e+00
   8.5000000e+00   7.0631255e+01   1.4218126e+01   1.1352373e+03   4.5740923e+02   3.1906239e+00
   8.5166667e+00   7.0721116e+01   1.4014673e+01   1.1242415e+03   4.5750115e+02   3.1885757e+00
   8.5333333e+00   7.0894632e+01   1.4243176e+01   1.1344375e+03   4.5756518e+02   3.1919622e+00
   8.5500000e+00   7.0980464e+01   1.4003181e+01   1.1215641e+03   4.5762966e+02   3.1899790e+00
   8.5666667e+00   7.1066370e+01   1.4027361e+01   1.1221396e+03   4.5769458e+02   3.1893053e+00
   8.5833333e+00   7.1152562e+01   1.4022820e+01   1.1212365e+03   4.5775051e+02   3.1886138e+00
   8.6000000e+00   7.1329810e+01   1.4014271e+01   1.1194666e+03   4.5782115e+02   3.1907785e+00
   8.6166667e+00   7.1415734e+01   1.4034372e+01   1.1198887e+03   4.5790007e+02   3.1898825e+00
   8.6333333e+00   7.1505284e+01   1.4036683e+01   1.1194092e+03   4.5798619e+02   3.1889009e+00
   8.6500000e+00   7.1680741e+01   1.4025261e+01   1.1174899e+03   4.5805200e+02   3.1910766e+00
   8.6666667e+00   7.1766231e+01   1.4023060e+01   1.1167420e+03   4.5811606e+02   3.1902627e+00
   8.6833333e+00   7.1855209e+01   1.4045375e+01   1.1174326e+03   4.5824727e+02   3.1886976e+00
   8.7000000e+00   7.2028121e+01   1.4032859e+01   1.1155163e+03   4.5832288e+02   3.1906350e+00
   8.7166667e+00   7.2116665e+01   1.4059931e+01   1.1163576e+03   4.5842591e+02   3.1895058e+00
   8.7333333e+00   7.2291641e+01   1.4052002e+01   1.1147124e+03   4.5851527e+02   3.1913494e+00
   8.7500000e+00   7.2378355e+01   1.4048540e+01   1.1139659e+03   4.5859707e+02   3.1903224e+00
   8.7666667e+00   7.2465420e+01   1.4073469e+01   1.1146544e+03   4.5868374e+02   3.1893712e+00
   8.7833333e+00   7.2643093e+01   1.4387498e+01   1.1290239e+03   4.5877050e+02   3.1929431e+00
   8.8000000e+00   7.2728793e+01   1.5293005e+01   1.1735110e+03   4.5884680e+02   3.1959968e+00
   8.8166667e+00   7.2816494e+01   1.4414256e+01   1.1292107e+03   4.5893854e+02   3.1909675e+00
   8.8333333e+00   7.2990493e+01   1.4073249e+01   1.1109277e+03   4.5900639e+02   3.1914251e+00
   8.8500000e+00   7.3078103e+01   1.4071907e+01   1.1103013e+03   4.5908546e+02   3.1904710e+00
   8.8666667e+00   7.3165115e+01   1.4094989e+01   1.1108701e+03   4.5915861e+02   3.1897150e+00
   8.8833333e+00   7.3253398e+01   1.5706214e+01   1.1901048e+03   4.5924173e+02   3.1958356e+00
   8.9000000e+00   7.3428004e+01   1.4079022e+01   1.1082220e+03   4.5930041e+02   3.1909593e+00
   8.9166667e+00   7.3516659e+01   1.4107382e+01   1.1090571e+03   4.5937968e+02   3.1901900e+00
   8.9333333e+00   7.3603168e+01   1.4100852e+01   1.1081643e+03   4.5945357e+02   3.1892590e+00
   8.9500000e+00   7.3777381e+01   1.4478275e+01   1.1254679e+03   4.5952116e+02   3.1933150e+00
   8.9666667e+00   7.3864964e+01   1.5448473e+01   1.1726324e+03   4.5960559e+02   3.1965144e+00
   8.9833333e+00   7.3951919e+01   1.4112607e+01   1.1064724e+03   4.5971160e+02   3.1890617e+00
   9.0000000e+00   7.4127811e+01   1.4100659e+01   1.1047239e+03   4.5979699e+02   3.1908732e+00
   9.0166667e+00   7.4213945e+01   1.4124377e+01   1.1054063e+03   4.5988360e+02   3.1898467e+00
   9.0333333e+00   7.4391212e+01   1.4116443e+01   1.1039256e+03   4.5998422e+02   3.1914401e+00
   9.0500000e+00   7.4478798e+01   1.4112940e+01   1.1033033e+03   4.6008068e+02   3.1901613e+00
   9.0666667e+00   7.4564664e+01   1.4559634e+01   1.1246215e+03   4.6015867e+02   3.1913723e+00
   9.0833333e+00   7.4743456e+01   1.4122093e+01   1.1022398e+03   4.6028662e+02   3.1905185e+00
   9.1000000e+00   7.4827380e+01   1.4146676e+01   1.1029199e+03   4.6035714e+02   3.1896850e+00
   9.1166667e+00   7.4917998e+01   1.4146349e+01   1.1024465e+03   4.6045662e+02   3.1884787e+00
   9.1333333e+00   7.5093647e+01   1.4132445e+01   1.1005562e+03   4.6051427e+02   3.1904742e+00
   9.1500000e+00   7.5178281e+01   1.4155410e+01   1.1011180e+03   4.6057123e+02   3.1897236e+00
   9.1666667e+00   7.5266945e+01   1.4154425e+01   1.1004972e+03   4.6063055e+02   3.1889270e+00
   9.1833333e+00   7.5441625e+01   1.4139556e+01   1.0984930e+03   4.6066372e+02   3.1911346e+00
   9.2000000e+00   7.5527005e+01   1.4138570e+01   1.0978741e+03   4.6071701e+02   3.1903404e+00
   9.2166667e+00   7.5611967e+01   1.4162527e+01   1.0984340e+03   4.6076244e+02   3.1897943e+00
   9.2333333e+00   7.5786938e+01   1.4152705e+01   1.0966975e+03   4.6080224e+02   3.1919307e+00
   9.2500000e+00   7.5874769e+01   1.4145725e+01   1.0958153e+03   4.6086610e+02   3.1909991e+00
   9.2666667e+00   7.5959106e+01   1.4173813e+01   1.0966384e+03   4.6092790e+02   3.1901904e+00
   9.2833333e+00   7.6135075e+01   1.4158347e+01   1.0947577e+03   4.6099142e+02   3.1918971e+00
   9.3000000e+00   7.6219437e+01   1.4155972e+01   1.0941410e+03   4.6104924e+02   3.1908594e+00
   9.3166667e+00   7.6307438e+01   1.4183820e+01   1.0949623e+03   4.6108519e+02   3.1897856e+00
   9.3333333e+00   7.6484117e+01   1.4167399e+01   1.0930850e+03   4.6115226e+02   3.1912523e+00
   9.3500000e+00   7.6569975e+01   1.4169000e+01   1.0926156e+03   4.6118636e+02   3.1902725e+00
   9.3666667e+00   7.6653179e+01   1.4189289e+01   1.0930254e+03   4.6121950e+02   3.1895374e+00
   9.3833333e+00   7.6830784e+01   1.4182504e+01   1.0915606e+03   4.6128484e+02   3.1913614e+00
   9.4000000e+00   7.6914559e+01   1.4175645e+01   1.0906830e+03   4.6131758e+02   3.1903982e+00
   9.4166667e+00   7.7000225e+01   1.4199224e+01   1.0912375e+03   4.6135062e+02   3.1897016e+00
   9.4333333e+00   7.7178034e+01   1.4188448e+01   1.0896296e+03   4.6141442e+02   3.1915202e+00
   9.4500000e+00   7.7261363e+01   1.4179928e+01   1.0886362e+03   4.6144601e+02   3.1909966e+00
   9.4666667e+00   7.7346330e+01   1.4200448e+01   1.0890441e+03   4.6147798e+02   3.1904549e+00
   9.4833333e+00   7.7433275e+01   1.4201979e+01   1.0885767e+03   4.6150931e+02   3.1895733e+00
   9.5000000e+00   7.7606866e+01   1.4189934e+01   1.0868549e+03   4.6157232e+02   3.1918510e+00
   9.5166667e+00   7.7692358e+01   1.4183148e+01   1.0859819e+03   4.6160331e+02   3.1910467e+00
   9.5333333e+00   7.7777501e+01   1.4206365e+01   1.0865331e+03   4.6163382e+02   3.1903688e+00
   9.5500000e+00   7.7952643e+01   1.4195117e+01   1.0849322e+03   4.6169649e+02   3.1920329e+00
   9.5666667e+00   7.8038589e+01   1.4190283e+01   1.0842048e+03   4.6172612e+02   3.1908597e+00
   9.5833333e+00   7.8125466e+01   1.4214019e+01   1.0848723e+03   4.6175539e+02   3.1894938e+00
   9.6000000e+00   7.8297318e+01   1.4203418e+01   1.0832744e+03   4.6181777e+02   3.1915120e+00
   9.6166667e+00   7.8383604e+01   1.4198349e+01   1.0825481e+03   4.6184806e+02   3.1903071e+00
   9.6333333e+00   7.8470613e+01   1.4223190e+01   1.0832142e+03   4.6187868e+02   3.1893546e+00
   9.6500000e+00   7.8644561e+01   1.4214773e+01   1.0817622e+03   4.6194057e+02   3.1910520e+00
   9.6666667e+00   7.8731674e+01   1.4206639e+01   1.0808941e+03   4.6197013e+02   3.1898258e+00
   9.6833333e+00   7.8820962e+01   1.4234239e+01   1.0817016e+03   4.6200031e+02   3.1887574e+00
   9.7000000e+00   7.8991758e+01   1.4218482e+01   1.0798486e+03   4.6206123e+02   3.1908816e+00
   9.7166667e+00   7.9079010e+01   1.4218793e+01   1.0793851e+03   4.6208917e+02   3.1897927e+00
   9.7333333e+00   7.9165267e+01   1.4238238e+01   1.0797878e+03   4.6211796e+02   3.1890340e+00
   9.7500000e+00   7.9339175e+01   1.4224913e+01   1.0780804e+03   4.6217815e+02   3.1912343e+00
   9.7666667e+00   7.9424497e+01   1.4217630e+01   1.0772158e+03   4.6220695e+02   3.1904992e+00
   9.7833333e+00   7.9509400e+01   1.4240960e+01   1.0777593e+03   4.6223582e+02   3.1900538e+00
   9.8000000e+00   7.9592985e+01   1.6300880e+01   1.1729985e+03   4.6226419e+02   3.1982869e+00
   9.8166667e+00   7.9769034e+01   1.4225780e+01   1.0754519e+03   4.6232467e+02   3.1914843e+00
   9.8333333e+00   7.9853952e+01   1.4630742e+01   1.0937636e+03   4.6235059e+02   3.1924013e+00
   9.8500000e+00   7.9940855e+01   1.4244262e+01   1.0753910e+03   4.6237694e+02   3.1891398e+00
   9.8666667e+00   8.0113142e+01   1.4231715e+01   1.0738091e+03   4.6243414e+02   3.1909077e+00
